cam0:
  T_cam_imu:
  - [0.9998679505201455, 0.014105326274077718, -0.00806977653622156, 0.012333159454301546]
  - [-0.01376943402751646, 0.9990941386212214, 0.040265430076935456, -0.07556576466812624]
  - [0.008630423466123265, -0.0401489967922054, 0.9991564311194588, 0.05633649582340326]
  - [0.0, 0.0, 0.0, 1.0]
  cam_overlaps: []
  camera_model: pinhole
  distortion_coeffs: [0.13493546677940987, -0.23752125457099688, 0.0005042661285656044, 0.001171106451235085]
  distortion_model: radtan
  intrinsics: [594.0161425224795, 592.2078722177328, 326.47631006757166, 240.74268467266444]
  resolution: [640, 480]
  rostopic: /camera/color/image_raw
  timeshift_cam_imu: -0.03837391937429866
