%YAML 1.1
---
# L515 Depth camera
camera_id: right_cam
T_BS:
  cols: 4
  rows: 4
  data:  [1.0, 0.0, 0.0, 0.0,
          0.0, 1.0, 0.0, 0.0,
          0.0, 0.0, 1.0, 0.0,
          0.0, 0.0, 0.0, 1.0]
rate_hz: 15
resolution: [640, 480]
camera_model: pinhole
intrinsics: [459.12109375, 458.9140625, 314.0859375, 248.23828125]
distortion_model: plumb_bob
distortion_coefficients: [0.0, 0.0, 0.0, 0.0, 0.0]