%YAML:1.0
# General sensor definitions.
camera_id: left_cam

# Sensor extrinsics wrt. the body-frame.
T_BS:
  cols: 4
  rows: 4
  data:  [0.9992356814904144000,  0.0010805412658554496, -0.039075379293870116,  0.0014269036473706365, 
         -0.0014715774810054511,  0.9999491172276882000, -0.009979850464032701, -0.0006895195692777634, 
          0.0390626073899890540,  0.0100297251278307510,  0.999186427708941500,  0.0141979409381747250, 
          0.0000000000000000000,  0.0000000000000000000,  0.000000000000000000,  1.0000000000000000000]

# Camera specific definitions.
rate_hz: 30
resolution: [640, 480]
camera_model: pinhole
intrinsics: [603.8384399414062, 604.0186157226562, 332.83734130859375, 240.92318725585938]
distortion_model: plumb_bob
distortion_coefficients: [0.15865853428840637, -0.4926358461380005, -0.0024649116676300764, 0.0010736891999840736, 0.46354395151138306]