%YAML:1.0
# General sensor definitions.
camera_id: left_cam

# Sensor extrinsics wrt. the body-frame.
# L515 Kalibr result (april_grid 6x6)
T_BS:
  cols: 4
  rows: 4
  data: [ 0.99983705,  0.01441438, -0.01086774,  0.01691018,
         -0.01420986,  0.99972476,  0.01866756,  0.00378241,
          0.01113383, -0.01851009,  0.99976668,  0.01245686,
          0.,          0.,          0.,          1.        ]
          
# Camera specific definitions.
rate_hz: 30
resolution: [640, 480]
camera_model: pinhole
intrinsics: [620.070096090849, 618.2102185572654, 325.29844703787114, 258.48711395621467]
# distortion_model: none
distortion_model: radial-tangential
distortion_coefficients: [0.14669700865145466, -0.2735315348568459, 0.007300675413449662, -0.003734002028256388]