%YAML:1.0
# General sensor definitions.
camera_id: right_cam

# Sensor extrinsics wrt. the body-frame.
# L515 Kalibr result (april_grid 6x6)
T_BS:
  cols: 4
  rows: 4
  data: [ 0.99988216,  0.01417   , -0.00590628,  0.00802129,
         -0.01405608,  0.9997225 ,  0.01890377,  0.00374016,
          0.00617251, -0.01881853,  0.99980386,  0.0125582 ,
          0.,          0.,          0.,          1.        ]

# Camera specific definitions.
rate_hz: 30
resolution: [640, 480]
camera_model: pinhole
intrinsics: [620.7205430589681, 618.5483414745424, 322.27715209601246, 258.3905254657877]
# distortion_model: none
distortion_model: radial-tangential
distortion_coefficients: [0.14148691116416337, -0.2629226797735833, 0.007081189200014749, -0.005510333236654425]