%YAML:1.0
---
type: IMU
name: l515
Gyr:
   unit: " rad/s"
   avg-axis:
      gyr_n: 1.8181447934130870e-03
      gyr_w: 2.3983402464080702e-05
   x-axis:
      gyr_n: 2.3733861715061495e-03
      gyr_w: 5.3446041683266257e-05
   y-axis:
      gyr_n: 1.7504968287933610e-03
      gyr_w: 9.6929091154043813e-06
   z-axis:
      gyr_n: 1.3305513799397512e-03
      gyr_w: 8.8112565935714696e-06
Acc:
   unit: " m/s^2"
   avg-axis:
      acc_n: 1.2421527950995324e-02
      acc_w: 2.0490385462747958e-04
   x-axis:
      acc_n: 1.2657499263126665e-02
      acc_w: 2.0868391880070119e-04
   y-axis:
      acc_n: 9.8022967175915698e-03
      acc_w: 1.8419564836285251e-04
   z-axis:
      acc_n: 1.4804787872267735e-02
      acc_w: 2.2183199671888502e-04
