cam0:
  cam_overlaps: [1]
  camera_model: pinhole
  distortion_coeffs: [0.14669700865145466, -0.2735315348568459, 0.007300675413449662, -0.003734002028256388]
  distortion_model: radtan
  intrinsics: [620.070096090849, 618.2102185572654, 325.29844703787114, 258.48711395621467]
  resolution: [640, 480]
  rostopic: /camera/color/image_raw
cam1:
  T_cn_cnm1:
  - [0.9999876610688748, -0.00015233452059994288, 0.0049653302197890815, -0.008949954372561754]
  - [0.00015115506226709479, 0.9999999602747366, 0.0002379131539960002, -4.7768635195634685e-05]
  - [-0.0049653662649262985, -0.00023715968360343075, 0.9999876443702372, 0.0001863545610285713]
  - [0.0, 0.0, 0.0, 1.0]
  cam_overlaps: [0]
  camera_model: pinhole
  distortion_coeffs: [0.14148691116416337, -0.2629226797735833, 0.007081189200014749, -0.005510333236654425]
  distortion_model: radtan
  intrinsics: [620.7205430589681, 618.5483414745424, 322.27715209601246, 258.3905254657877]
  resolution: [640, 480]
  rostopic: /camera/color_right/image_raw
