cam0:
  T_cam_imu:
  - [0.9998370455689579, 0.014414384056639222, -0.010867743105438006, 0.016910180700657987]
  - [-0.014209858017192089, 0.9997247632198573, 0.018667558494137603, 0.0037824117989832882]
  - [0.011133833260352522, -0.018510087446268652, 0.999766679990718, 0.01245686382347994]
  - [0.0, 0.0, 0.0, 1.0]
  cam_overlaps: [1]
  camera_model: pinhole
  distortion_coeffs: [0.14669700865145466, -0.2735315348568459, 0.007300675413449662, -0.003734002028256388]
  distortion_model: radtan
  intrinsics: [620.070096090849, 618.2102185572654, 325.29844703787114, 258.48711395621467]
  resolution: [640, 480]
  rostopic: /camera/color/image_raw
  timeshift_cam_imu: -0.03665532392994529
cam1:
  T_cam_imu:
  - [0.9998821564591763, 0.014170004909442273, -0.0059062810137822195, 0.008021293925039695]
  - [-0.014056078136434799, 0.9997224985193639, 0.01890377268227485, 0.003740162724708254]
  - [0.006172508563770657, -0.018818525847341578, 0.999803862376498, 0.012558202195740765]
  - [0.0, 0.0, 0.0, 1.0]
  T_cn_cnm1:
  - [0.9999876610688755, -0.00015233452059994288, 0.004965330219789081, -0.008949954372561754]
  - [0.00015115506226709479, 0.9999999602747373, 0.00023791315399600014, -4.7768635195634685e-05]
  - [-0.004965366264926298, -0.0002371596836034307, 0.9999876443702379, 0.0001863545610285713]
  - [0.0, 0.0, 0.0, 1.0]
  cam_overlaps: [0]
  camera_model: pinhole
  distortion_coeffs: [0.14148691116416337, -0.2629226797735833, 0.007081189200014749, -0.005510333236654425]
  distortion_model: radtan
  intrinsics: [620.7205430589681, 618.5483414745424, 322.27715209601246, 258.3905254657877]
  resolution: [640, 480]
  rostopic: /camera/color_right/image_raw
  timeshift_cam_imu: -0.036756171010613785
