%YAML 1.1
---
# L515 Color camera
camera_id: left_cam
T_BS:
  cols: 4
  rows: 4
  # cam_info_yamlizer_node cam_link -> accel_frame
  # data:  [0.9992356814904144000,  0.0010805412658554496, -0.039075379293870116,  0.001996903622057289, 
  #        -0.0014715774810054511,  0.9999491172276882000, -0.009979850464032701,  0.01176048070192337, 
  #         0.0390626073899890540,  0.0100297251278307510,  0.999186427708941500, -0.0022220583632588387, 
  #         0.0000000000000000000,  0.0000000000000000000,  0.000000000000000000,  1.0000000000000000000]

  # cam_info_yamlizer_node cam_link -> color_frame
  data:  [0.9992356814904144000,  0.0010805412658554496, -0.039075379293870116,  0.0014269036473706365, 
         -0.0014715774810054511,  0.9999491172276882000, -0.009979850464032701, -0.0006895195692777634, 
          0.0390626073899890540,  0.0100297251278307510,  0.999186427708941500,  0.0141979409381747250, 
          0.0000000000000000000,  0.0000000000000000000,  0.000000000000000000,  1.0000000000000000000]

  # rs-enumerate-device 출력 값.
  # data:  [ 0.999949,         0.0100297,       -0.00108054, 0.011740,   
  #         -0.00997985,       0.999186,         0.0390754, -0.002416,
  #          0.00147158,      -0.0390626,        0.999236,  -0.001891,
  #        0,         0,         0,          1]

  # tf_static 으로 얻은 camera_link->color_frame * camera_link->accel_frame^{-1}
  # data:  [0.568722, -0.0837155,  -0.818258,  0.0141447,
  #        -0.136920,  0.9712920,  -0.194537,  0.0145188,
  #         0.811054,  0.2226730,   0.540933,  0.0085505,
  #         0.000000,  0.0000000,   0.000000,  1.0000000]

  # rotation 항등행렬로 치환.
  # data:  [1.000000,  0.000000,  0.00000,  -0.0141447,
  #         0.000000,  1.000000,  0.00000,  -0.0145188,
  #         0.000000,  0.000000,   1.000000,  0.0085505,
  #         0.000000,  0.0000000,   0.000000,  1.0000000]
rate_hz: 30
resolution: [640, 480]
camera_model: pinhole
intrinsics: [603.8384399414062, 604.0186157226562, 332.83734130859375, 240.92318725585938]
distortion_model: plumb_bob
distortion_coefficients: [0.15865853428840637, -0.4926358461380005, -0.0024649116676300764, 0.0010736891999840736, 0.46354395151138306]

# Depth specific parameters
virtual_baseline: 0.1
min_depth: 0.0
depth_to_meters: 1.0
max_depth: 10.0
is_registered: 1